14524
8012
-398
1805
7113
605
102
8919
1011
1105
4214
5710
8008
5110
11918
103
1507
9618
-798
8014
-798
7911
7708
2204
4412
7010
7314
5207
8617
1606
-698
-798
11314
-498
8312
9718
7615
2608
-598
10016
6714
-598
-698
-398
-798
-498
4808
-598
7310
-198
-698
-498
-698
3811
5814
3608
-798
4412
4812
5612
1004
2006
2107
7512
4807
1005
1506
-498
-698
-798
9916
703
-598
-698
-698
4311
12721
-798
12121
-798
2204
-798
1503
2609
-698
6008
-498
5813
-498
7811
4911
-798
-598
-198
5813
9312
2107
-698
-798
2508
-798
13221
-398
-698
8719
3307
-698
7415
3909
-498
-98
-598
10321
-698
-698
-298
7815
-798
-598
1905
9715
10215
-698
12322
10318
2410
-698
13520
-698
3206
5210
7414
2605
3406
3508
6310
2108
2907
-298
-698
1005
-398
7514
8011
-98
403
7809
15122
13721
604
8315
6809
8618
14416
14119
2105
-798
3409
4510
-398
-498
-398
202
-98
7011
12420
2107
-698
13718
9218
5006
9016
3810
11916
8408
7415
-798
6409
8121
6113
13120
705
5309
9213
11514
4113
7313
2310
3512
9023
1206
1507
10917
11620
9415
7413
8915
10412
2
4310
706
3204
1305
2409
2609
5408
7711
9119
9719
-197
4110
4411
11418
4510
1806
2305
6013
9016
102
8908
-198
7214
9720
2607
-398
4913
11422
10720
7013
3
8615
8308
1103
2806
8712
11019
7716
10622
12817
5111
10115
7714
9917
7816
7712
3909
9315
8109
1805
1308
10912
10417
6312
5112
10114
7714
10814
8015
9413
1602
6412
203
11721
102
8419
303
-298
7111
3210
7115
2406
5213
1705
10821
4711
6310
2
7415
6711
4608
1605
-398
3310
3207
6208
2806
402
5911
8718
8522
2
2808
11814
13819
7414
10121
-598
5306
7912
4108
10116
8116
1507
2407
3306
5311
8220
12521
2907
11620
7817
13024
6615
9212
-598
10115
12618
2007
8217
6308
1704
9413
3305
12515
5113
9511
12412
12222
4409
7311
1606
5714
2204
9823
13113
1907
10622
-498
11218
14020
6713
7018
4710
7811
-498
11514
4910
6811
10215
6915
8821
-98
3007
7310
9414
9111
9913
8315
10020
7111
-98
6911
13315
6916
8717
8819
8315
-698
13324
4003
6109
2705
11817
12220
3108
503
10015
11219
5810
5809
6114
7820
3107
602
5508
10015
2607
6114
6310
10011
5110
7511
9015
-98
3706
20009
5009
4809
5812
5811
8417
10816
8416
1205
9917
12628
2107
6812
5212
-798
3008
3711
9415
10622
6112
11015
4014
8213
12716
6517
5408
-595
3811
9211
3810
9815
9915
5009
1503
10514
8017
6112
10715
2107
6908
4010
9819
4609
11116
13520
11216
10916
7612
7414
10918
4109
8911
3105
9912
7414
2707
7414
9514
802
7008
4510
2606
1407
9722
1402
7413
5113
5814
8412
12321
10614
1304
1205
-698
7715
7310
3610
5011
6416
-698
10424
9418
2007
-96
805
10717
11014
8317
10217
11821
12114
12618
6412
5112
2808
8114
3308
504
9716
-398
2309
4105
4415
3105
10919
5310
2510
7714
-496
9419
9917
9910
8417
8012
4510
9915
7107
11521
11918
7910
5711
5912
11221
-298
4009
7212
9519
8913
11521
7415
3608
3910
4712
10617
20013
13221
16027
5709
3106
10817
6014
5607
14013
8010
2205
9318
2307
3007
15923
6007
8214
3009
-999
6006
3510
10318
8509
5014
6613
3309
9415
7111
5012
1406
2407
4611
10020
13116
3103
8515
10215
8015
8515
1607
202
9917
8718
9212
7317
6013
2
11914
7012
8215
3609
13819
9114
5511
11916
6710
5212
8210
1206
6913
10823
4811
2806
7017
1905
2909
10016
11817
2911
5305
8212
3812
10114
2506
2610
705
9713
11414
12104
5113
504
1406
1204
10511
11513
4609
-298
3907
7521
8215
9319
2307
8515
3708
605
5510
6913
9613
4306
9517
9217
7817
6907
9709
3309
4706
9613
6808
2310
4607
-398
7816
5811
9518
8011
9418
5308
4309
13623
-398
4006
9018
9117
10618
6013
10517
1509
9518
5610
10311
11217
5811
4609
7913
5811
5109
3306
5512
4712
2908
5208
10918
8609
5612
3705
12914
10412
11914
7309
4611
12919
13615
8212
202
4611
13824
3809
1505
1607
6014
8717
3304
8608
2307
509
11519
13718
4712
202
12121
2109
8212
14419
8214
7514
4613
-197
7715
9811
703
5311
5911
6411
8216
8113
3106
9416
5608
7310
7414
9519
7811
8215
4406
8411
703
5111
11018
403
4609
11720
9413
11519
10316
7315
3707
8915
-96
5509
4911
-597
3709
6011
6711
11418
9515
3509
10619
6714
-197
-398
16018
905
7419
19820
5510
10011
8016
2306
5607
6215
3106
11019
906
3210
4711
8815
11017
11514
3907
9114
7612
-198
2104
1707
6612
8514
2611
8409
8415
11519
7612
6414
7913
2606
8314
11515
8814
8715
4513
-598
6415
8115
11010
4310
3605
8017
4109
9611
9117
10017
6813
6812
1407
11214
11117
11216
9618
9818
11425
11216
7811
1904
9716
1606
4008
6111
5206
5810
6911
11417
6316
9817
4709
9013
5415
5309
1806
6710
9112
2704
11420
305
606
9510
4808
1906
6015
6511
9013
12617
10417
12924
12319
8019
7815
10416
-195
12426
4402
9614
13821
10312
5711
10216
805
4210
8508
-398
9210
7711
7009
11113
1909
7112
2006
805
2108
9819
7417
6313
2205
8316
9314
11715
2706
5112
9110
2908
17126
5610
11515
6612
-298
9014
5610
11428
3606
8917
5412
705
10112
3608
12320
5414
10121
2005
4310
10015
9415
11518
8916
8519
11218
8518
9918
4509
5708
12113
906
4408
-296
7114
7510
3208
9214
8813
7913
4504
10517
1908
7817
7713
3510
13616
8815
8614
802
6714
7217
5611
-198
11819
3607
6215
9012
5407
12017
4011
4311
2307
1806
2909
3909
2907
2210
4411
7313
2905
9814
8419
8310
-598
3807
14021
11322
9218
7116
5007
7416
9512
-598
8314
4506
7410
9317
3411
2705
6908
4410
8814
6812
9816
5811
10914
3608
5213
6513
9715
6316
14514
6015
6313
-498
4
9514
3308
10120
7412
8917
10315
3406
5306
8915
10317
17123
3012
9817
1506
11911
13622
