-698
8715
5309
6407
11117
8717
-198
-498
7710
-396
-598
6313
-698
5109
3710
13618
3813
6810
9016
5818
10219
-398
-798
-798
3908
-698
-798
1505
-298
3507
-296
8015
8421
1404
12720
6614
4309
8713
12824
202
5809
9213
7012
8717
10719
-698
305
-498
1505
2808
5710
10721
2906
-698
1102
11315
7715
-598
5716
5710
-598
4
12922
9815
2306
-798
304
5611
-598
5312
-598
-598
3209
10313
9220
3107
-798
-698
2708
-196
7116
-398
-598
-498
3309
4810
7014
10414
2913
8311
3408
6814
-798
-798
11121
5710
-798
4509
5008
11316
6814
-798
3205
-798
10517
-397
2409
8812
-798
-598
-598
-398
7411
8311
4410
104
2309
-698
-398
-198
-198
10713
8610
9217
4208
-398
-98
6909
2607
9313
-298
5211
6715
8813
-598
-298
10914
9217
-398
703
5512
-98
1105
-698
2707
3307
-498
2107
2010
-598
4409
10021
-798
-698
-598
7414
9516
-498
1505
-98
3505
11321
2008
-698
5412
2
-398
6111
7117
9215
10114
-698
12618
9315
2505
8510
13521
6014
-598
-198
11420
7114
7514
-598
104
4411
2108
6711
11114
10814
10816
8509
6812
4810
5611
2707
7911
3907
6708
7712
7013
12920
11516
8110
9615
3309
4309
-198
5607
-398
5007
12622
4709
3507
-798
10011
6312
802
2507
-498
8514
10418
8717
3111
9116
4413
4008
11612
9013
5809
5115
3809
4210
2304
6710
702
8612
6112
-197
4407
11214
2303
-198
13717
8713
-798
5507
9514
7511
2808
10821
6011
302
7412
3912
6308
-798
8115
7715
3605
-98
9916
3408
6113
5510
303
5612
1708
5310
10118
4813
6213
7511
2104
9017
7713
9518
2305
3
1602
3012
-196
9716
-598
8614
8314
-598
9715
2511
1806
4108
3006
10314
8114
5814
11613
4307
11817
5906
7519
2405
5713
8715
13821
5314
7014
-198
9217
3606
1306
2505
6110
6413
6113
1708
-798
-398
1504
-698
5710
14817
8316
8716
17708
1004
11621
4706
10013
11919
-398
5105
10019
-598
10020
7910
9115
5311
3705
6814
7409
11616
3005
10916
6811
5517
9316
1702
4914
5209
9512
14018
5809
1204
403
2305
3509
1106
7813
8512
4709
6110
3906
12813
1304
403
2710
9214
404
11320
1803
13915
8912
8812
7310
3006
7614
4106
3009
405
9216
3007
8012
6315
605
13221
2011
5811
4706
2909
5414
603
16521
907
1805
-398
10915
7219
7712
2806
5509
904
-798
7511
13719
6113
7720
5512
7111
12819
-698
3506
6213
4105
2607
15126
6613
4609
10711
14625
7107
6116
2705
9512
10119
2307
5911
6208
3309
2406
12813
5413
8016
4205
5911
1106
7510
5509
7215
2209
5811
2906
2506
2906
12622
-598
11118
3
9615
-698
6714
4909
1408
9911
13022
7217
6213
10316
9916
3406
7909
2808
9316
1105
6011
2307
6309
5011
-698
303
3
-798
6913
6109
1905
6911
5104
2208
10919
5312
7407
2708
13518
1705
2710
13011
9416
6212
9015
6910
3904
9519
2511
9312
7408
10518
705
5914
3408
5917
8014
4612
9818
7314
3510
9213
8318
3705
-598
2106
-497
9912
5808
9823
3810
5610
6112
4804
1704
-698
4711
7411
8112
4306
2708
10111
6916
3113
5709
10813
7411
-398
10518
8920
9411
8612
1703
6110
6510
9212
3908
9013
5811
8216
8907
5910
3809
7812
3709
3708
304
7020
-398
8012
4407
3002
602
6712
6313
204
18311
6410
-97
6112
705
2307
7806
804
7409
-396
3002
6514
9413
505
13215
7011
604
6715
2606
1204
9521
11620
8312
7305
8818
-798
3007
-999
6108
5911
8211
5509
4908
2708
-598
7009
8715
1706
303
10523
2
11118
402
7211
3010
8611
5510
3909
8914
10613
2209
2505
503
7020
8111
10717
1705
10316
2409
4009
2506
5113
4108
6311
-97
5709
4612
5411
6210
6512
15713
-598
402
1705
12917
5312
2609
10520
2305
8610
2807
4311
4209
6012
2506
5312
4710
1005
8809
7015
9917
2808
6808
7809
8921
2908
3110
4311
4808
9521
5809
2404
4709
9617
4606
8915
11122
11008
10714
8111
3006
3505
7610
6711
6512
4007
-698
7010
8312
6312
5813
3907
6310
7013
9914
4712
9714
-198
1106
6414
11116
6916
7712
7012
3107
4612
8116
8918
-598
3606
5610
10219
5909
5511
8813
5808
8714
5511
11418
7610
11617
5809
7313
6712
102
7907
2609
12421
-98
8314
6210
11816
5911
4512
15823
5508
10215
5011
3605
1806
2409
7911
5405
5610
6012
13413
9912
7110
5108
8613
-98
1908
5412
14913
6007
8317
7214
10717
2504
9115
6317
7814
2704
3108
5606
5911
7412
12920
4911
4111
2406
-497
1205
2910
6511
11021
16813
12513
2506
9613
5210
11420
4210
9810
4209
3608
10217
7814
10716
4612
2606
3108
1905
802
11613
8820
2008
10910
5312
6414
4807
11516
3009
2610
13417
6408
9320
4310
9716
2405
9711
10515
2308
6618
-999
5509
6205
5209
604
3808
-497
7313
8917
7609
3710
303
11421
2307
8816
13120
4613
5011
4811
7813
11614
4309
2705
8810
6411
11419
7216
-698
3510
2005
7510
-98
5213
9314
2706
5312
11319
14525
2305
5610
6313
2607
-496
11023
12015
6209
5518
1407
7814
3509
10722
6418
9815
9612
20004
9212
4008
4706
5113
-598
5509
8615
3406
5808
8911
7110
7313
1507
7410
2605
7512
2606
2709
13318
11817
8616
5214
10124
3012
3
3305
9822
5109
8809
8117
2206
3008
1506
402
12222
11118
5510
4609
2608
-798
9117
3108
8918
1507
6817
11315
2906
10021
7915
103
-598
7914
5315
7913
9417
8317
7617
9816
12218
10818
4110
4108
-698
11618
502
7012
5711
4408
-98
5010
10419
2
2110
9719
-498
7911
4613
2109
7513
8415
5609
10515
2808
7014
7609
6814
9213
4107
13518
2509
12020
9616
6510
4709
11920
9115
8920
3002
707
2406
9617
8516
8514
5810
6413
3907
-698
9414
12115
11815
2909
8016
7511
12224
802
3408
12817
3205
7307
10320
2708
6612
8612
7312
9515
5310
8806
8716
12720
9118
4712
3007
1606
5311
5308
-398
7016
6310
9011
5516
5512
4408
