10717
1707
-698
102
8620
7011
9815
5613
-198
4511
7612
-498
10519
104
7010
3510
3407
1405
-598
-598
704
-698
-298
6112
8011
-698
-498
11617
-798
5011
5112
11422
4906
-598
-698
7911
-698
13521
-598
5509
8811
9818
11719
1806
-698
107
5911
-298
3510
3204
-798
-398
5011
804
-598
14522
7913
1804
-698
5814
7813
9012
102
-198
-698
-798
-598
-398
6718
3509
10318
-298
-198
805
-798
5414
10612
2
2807
5715
8012
1907
9513
5711
-298
5713
-798
4209
1507
2707
9418
4912
-698
-298
11420
-498
6109
-598
13722
-398
10215
-598
4712
-698
4508
705
-698
-698
-598
10014
-598
9313
-98
-98
-598
10611
-198
2711
2910
3611
2609
3810
4908
6912
8314
404
3906
6613
11223
6812
-398
-98
1505
8113
6814
-398
-298
5510
7311
10612
7516
7909
4306
8616
10012
3404
10121
7515
2104
2508
7413
5312
10613
8216
4607
4508
-798
10021
3509
8815
10912
-398
2105
4508
2108
2
4613
8811
9219
5411
2004
7212
9515
7112
2306
7814
-398
5810
1005
704
-698
-598
7414
11915
10020
7616
3715
2807
5913
12626
12014
-298
1306
2706
4006
11111
5209
4410
-498
6511
8210
6313
8314
5410
8917
1807
5807
-298
10117
10117
3711
14124
1706
-198
7112
6415
-498
2
6818
7015
9518
102
9411
6515
6710
5008
6408
11017
3510
1005
1204
2707
-598
8615
7604
4208
-798
5410
306
1906
6013
3210
8917
1805
4506
6813
9715
7407
2706
8010
7516
5713
-698
1806
9021
7113
7514
6213
11517
102
2207
1205
7208
-698
-198
7312
9220
-498
8415
6316
5414
9613
2407
9516
3803
9617
8109
3807
1804
8516
4708
2610
15227
11319
5510
10316
12714
5413
1307
10314
-298
2406
8811
11921
5208
-598
7110
3007
9014
13719
20004
5109
10922
11217
5510
3208
4212
5813
10015
9717
5215
7213
-297
3609
4307
10119
8818
-98
7617
10011
7611
2306
8915
7611
2009
13922
10017
-598
-398
4214
1704
6214
1907
1805
2204
7215
9618
8209
7913
7909
2305
6511
11718
9409
9314
9511
2007
3305
502
7810
6915
1809
3511
10913
12520
6410
6618
14919
5109
3706
6410
7012
3406
1906
1806
10515
13617
6310
-598
504
6419
4912
2609
6210
5011
702
10921
10313
6717
15522
5411
12720
5411
3208
6315
5813
4809
7813
7118
20004
9112
3107
5114
10511
804
7609
12022
-198
-498
11216
7910
2705
11115
2712
4813
13120
4405
8315
9115
2808
103
205
-598
9212
4112
8412
8212
6307
1903
304
5109
7014
11423
8816
9212
10217
8910
8811
8911
-198
9413
-398
11815
14525
6016
1306
13716
7407
7016
1404
6711
1502
13121
406
102
10414
7619
5009
7113
3707
6711
1804
8316
6113
8613
5007
8916
2006
6616
2206
603
7609
7413
1809
2209
8012
6211
7118
7510
4908
4208
5513
4809
7416
6618
11220
12121
5010
13015
5311
9217
3105
9921
7619
9415
2310
3106
2708
8214
6614
5611
1003
1303
7111
6510
4207
1907
5708
12818
4111
1007
4411
13919
7411
504
5412
11520
20010
5410
5115
8419
5512
4011
5215
11022
13221
5516
7313
6909
6310
5504
4811
8213
9211
7914
9417
11518
5215
4409
8519
6206
9819
6013
3309
1204
7612
10218
4607
9010
2909
12018
8917
8019
3610
1207
2406
2806
6614
10416
3605
4614
10519
10312
9616
14923
9717
11415
7814
6107
7713
2512
10814
11120
4209
6413
5912
6316
6311
10411
6011
12515
-297
4205
8215
7813
8117
8213
5310
3008
-498
4710
7313
8016
9221
6010
6613
7414
-697
7522
9617
4709
7809
5411
9113
7314
2309
7314
5911
8113
6710
2905
7618
2607
7313
-698
5410
8416
7811
4513
13921
704
3008
13923
4709
9015
3602
7711
4109
7002
9220
10315
10214
6820
10411
12113
9214
6911
12218
2907
12023
3007
3509
8411
3207
1909
8216
5005
905
11614
1505
12517
5912
8610
-597
3108
5919
8819
11016
2910
-597
-197
11316
-397
10519
5108
6211
6706
10012
8613
4810
9616
4915
5611
6310
7307
10716
9018
16320
4711
8411
8112
9513
11021
3907
9111
6909
5911
7115
3911
4607
6516
5110
14115
2107
1707
7213
12118
2407
6414
14719
11824
7814
8317
4114
6710
8113
3007
6611
-999
4610
8114
3504
6215
202
7213
8913
8111
8116
1603
1807
12314
3014
3209
5310
9617
3806
12917
11821
10918
14420
3107
10620
8517
8613
10113
7414
3206
8218
6208
6711
7411
20004
5113
2909
11420
7014
5409
1504
2108
8416
7810
6615
3406
9119
1103
7116
13017
9813
5211
5614
1506
9315
7814
5109
2305
1804
14621
10820
5513
4610
4809
2403
2707
11121
9319
1304
7215
2005
8012
10614
6909
10012
11119
8609
10917
11820
3108
5512
16027
3305
9918
9418
10918
10820
6208
-498
3807
5212
4
8609
1505
2407
2806
7217
5816
-398
12313
5308
2805
7213
10015
6512
2706
12920
704
5311
3610
7015
7110
9811
12822
-698
6212
5115
7616
1807
10121
3708
7014
3012
-98
5009
8519
9618
1809
8316
9417
8214
5810
2707
3914
6712
9118
203
2911
-798
3109
8210
4912
9112
6917
14620
9416
2506
9311
11513
10118
10519
5112
11724
7609
7514
4310
11719
7416
12422
-97
4913
304
3810
1002
202
2005
1107
10319
5710
6415
11817
6216
2208
11011
13822
7911
6418
7010
10713
9814
5112
4106
2405
8717
6015
8716
10416
10718
1807
5510
3512
4509
7418
8612
3808
1809
-98
2606
7112
-498
6410
6414
3909
3307
5011
5809
2204
5208
4909
1007
3806
4310
3207
5011
11121
12820
10214
2708
5210
-798
8016
6310
7014
7814
12117
13621
5814
604
12622
11820
6112
10311
-598
3509
10417
10014
12417
5111
9012
9919
3310
11122
10317
2308
3907
11419
8319
10715
5512
2310
5512
12817
9717
5212
7514
15125
6511
10517
8410
2706
13621
8210
2605
7511
505
6610
8315
6611
9915
11225
10216
9717
2107
-598
4712
14024
2005
6412
11124
9918
7412
4710
2807
2708
6312
7414
5909
8119
6710
4306
7114
4811
2105
6612
7107
6911
3608
7616
3609
7615
6510
6311
10419
