6912
-198
2507
-698
7611
16226
3607
7815
-198
2505
4709
3009
5413
4312
10516
4612
-298
2907
5210
8210
12021
102
6311
-798
-798
1908
-398
7911
-398
-98
6713
805
304
-798
2309
-598
8912
4313
9422
-398
-798
13724
-498
9110
10309
7014
-698
6610
6314
4906
2706
1108
8716
-498
904
2205
1004
-698
5506
8914
-798
10414
9622
7708
4809
-598
2806
10413
4210
-498
2406
6313
9412
-98
-698
-798
6609
5610
-698
5209
-498
4705
4209
-398
13118
-598
7410
8513
7717
5610
4007
3511
11616
6109
-698
4407
8215
3909
-698
-498
-398
-598
10615
1806
3911
3705
1906
11016
6915
6518
9620
4308
7311
14720
1909
503
2207
-698
2908
5512
5910
6313
-398
4805
11311
303
11117
6814
6510
1805
102
10113
2505
-197
8811
-698
7012
11712
305
-98
8415
-698
3811
10724
2707
6014
1608
7709
2906
10312
8612
6810
3508
3907
1802
2511
8709
-498
5111
1905
5507
9212
6709
2
13126
3407
-698
10712
-298
3706
-798
4305
7117
2407
-798
9818
4307
1610
405
-798
10017
15324
2305
13320
4310
2605
402
-598
10924
8511
13520
9620
11018
1307
3607
3509
906
12615
2504
4409
6010
-298
-496
2
7210
10715
6913
9817
8908
2307
8015
9519
11214
-498
3006
13619
302
12421
5809
1105
7113
5706
11715
5909
2705
8215
14818
6811
7909
5613
4909
802
7515
5707
15022
8813
-698
8011
8710
10717
8713
-298
7410
11013
6612
4107
6513
10313
17920
6007
-97
502
6410
5911
7714
8318
3508
6214
-598
9714
8515
2805
-98
-98
7015
9217
3507
-398
9015
4205
5113
7113
8211
9711
4406
4006
7010
8913
9214
6213
11115
1906
6214
3403
11223
5807
104
2908
2606
6011
4208
8207
5011
9718
13422
5713
5212
1407
3907
2912
2604
8013
7407
9612
3205
10322
11114
8910
11019
3809
3706
9610
3609
10714
3907
13918
-698
6011
3007
10313
11018
3212
6517
6508
6912
8317
-798
3606
12017
10816
7211
6508
6011
1906
-198
10618
6411
302
602
3206
1209
5913
1007
13023
6511
10816
6109
3709
8609
-197
7313
7210
5408
4212
10117
1707
3710
506
1806
4913
7613
8810
3707
6815
15019
8816
1303
1505
6911
12218
11018
4508
6810
9010
7710
9415
7018
5212
7108
4610
4710
6710
4912
1307
907
6014
905
7314
5210
10917
302
-398
6215
6913
6309
-498
7516
9110
6411
6611
1105
8815
3007
7615
8310
3502
6811
3810
4708
8414
4504
7611
10715
8512
1807
1606
7715
12414
10926
6715
-196
4711
11713
5710
3409
6011
4508
9013
10617
5312
-298
905
9812
7011
12413
7518
4613
13324
10113
4910
503
1403
4815
3908
3610
8716
5712
4906
10918
8912
-298
4811
804
6411
3508
2703
10421
11421
8014
7210
14222
9515
8713
7109
3407
13516
7112
205
10023
6714
7313
8916
2307
3406
10820
1005
2909
3007
11419
2908
3811
4011
5009
6409
9319
6610
5010
7612
2207
9711
1908
6209
11419
5916
3605
7716
11916
4510
4613
2007
10916
10317
5110
6911
4808
5214
3208
2709
1307
9912
8313
1706
1408
-598
8815
10817
6505
7713
6112
5110
5309
9816
11516
10914
1306
4709
10519
8315
4312
9213
12815
4108
10113
7206
3910
-697
11117
7209
7314
1004
704
4610
7516
2305
3007
6415
3106
2909
102
5108
6708
6511
10317
13322
-297
9214
4206
7117
8510
6713
11120
5311
8820
6111
805
4707
2005
3707
2204
8921
15626
11021
9816
5909
6213
1505
9319
9418
2306
1907
10917
7016
5714
12321
5513
5510
505
4705
2208
8711
9516
6614
5909
6011
302
5310
6310
7810
7510
7007
11314
7410
602
6812
12117
10514
3010
7211
1404
6008
6810
3308
3410
8215
5909
3106
-498
3607
-598
9717
7918
5309
4811
3505
9714
12621
8719
4214
8214
2508
8311
11716
10019
2206
10313
2108
8618
6712
7109
2808
1304
14818
7318
7212
3907
2807
4509
5913
6714
20004
7316
6308
4409
11617
13921
2507
9114
2010
6110
8518
2107
6210
4409
5512
7415
1002
6712
8207
8815
10016
5312
11520
8814
9118
13011
-598
1206
3507
302
8510
-398
4612
11921
5810
-198
4409
4107
5609
10821
10611
3209
1307
5606
10116
9517
9212
5214
9110
1605
6611
5410
6916
5210
7214
2707
9910
11520
2808
5211
6414
3809
9719
8014
12612
11614
8414
10410
10213
11519
14419
-97
8915
5910
5614
7316
8608
7113
1903
2109
6911
7211
5808
2006
7014
12320
14121
11818
10214
9614
8209
2309
6613
4910
2708
10422
13617
7912
5005
9517
2505
11121
6011
-498
8217
5816
3711
7408
11015
-798
9116
806
10913
5310
10515
10816
8513
3407
10019
6713
8517
13520
3405
5708
7827
7917
1007
2707
4411
2106
7209
10913
8111
1104
1709
8909
302
3002
10813
4209
7510
7613
8012
6511
6510
9718
7916
4308
8014
6211
10814
4107
6011
3807
8414
3311
2209
14613
9414
2307
9920
7511
7911
6513
3008
7313
9217
12017
5814
-98
6009
404
8314
9710
12615
10811
5408
7515
9115
1004
7711
4712
5807
7611
1910
4007
4414
6012
14819
6515
3507
3509
6512
9515
7816
7708
3009
10719
4710
9412
2808
-798
7111
6209
2309
9218
-96
1106
11417
11321
5412
6315
9511
12225
7911
-999
9216
8612
11414
5810
3106
9317
805
3907
5912
10013
12013
7914
14022
6114
2508
11316
4110
6711
5811
402
9821
3012
5709
6813
2608
7511
11518
8513
6313
6214
12119
3007
9315
14017
8713
6409
5511
10417
7213
903
8414
7811
3806
-198
8813
3804
9421
5111
3407
8813
6311
2506
4308
2603
2007
1908
13715
2305
403
4006
9413
2605
-598
9519
13319
7912
2007
6413
5312
8408
3909
13516
4310
11417
12616
8513
11115
104
10517
11620
4810
15220
9512
4813
7916
13116
204
9513
-698
3108
-698
4108
11015
8515
5110
11515
13726
5812
5908
4309
7715
5611
9414
9211
5710
2509
102
2911
3510
6510
4411
1806
10416
-498
4814
10015
4812
2006
4408
7014
5712
-598
-198
6917
8910
7011
1006
905
11313
10825
6811
5012
3409
2509
6107
