11322
2
6710
3610
605
-98
-598
-398
2607
-598
-698
-798
-498
-598
7312
-498
6910
9213
5712
-498
104
2505
-798
3311
2409
1504
-498
706
7114
-798
-798
9921
4508
-598
4308
5911
2307
-698
9909
10119
11317
-698
-398
7014
11422
1605
905
6713
-598
6414
11517
9513
3411
1106
1004
5615
1807
3708
11316
12017
4509
9922
-698
-498
5816
7211
4609
606
11416
5217
-498
-698
7515
-598
-98
803
-798
1406
2006
2409
8013
-398
7915
2007
-598
-698
-798
102
9913
7011
-698
-698
9416
-698
-598
6010
-798
6512
3206
-698
-698
4707
5610
-198
9814
16720
-498
-698
704
-798
4908
5308
1804
8516
2707
-598
-598
12514
9816
7410
2710
-598
5507
-598
1807
2913
7710
-98
10515
6717
13719
-798
9620
2004
4412
-398
-698
9215
4
504
8612
3712
5610
-598
-798
9512
12917
6510
402
-98
3706
5613
-298
-598
6914
9912
6212
5715
2204
1307
-798
404
4003
11224
-198
-798
403
4807
3007
-398
-198
5210
7408
-598
14419
6312
2706
10412
7115
6912
-498
6811
1003
7912
-798
10112
8617
3705
6916
9913
5911
6814
6711
4209
6612
11520
7019
12716
10014
804
12517
7310
12714
4911
406
12521
12124
1104
10813
3005
502
902
11819
4508
6911
4807
5210
1104
1407
102
4108
4409
204
5110
9316
12919
7715
4408
4007
8409
10316
-798
4010
5107
1406
-298
-598
3904
-298
-498
3408
7511
2408
4009
10115
-297
10017
6509
1705
3806
6408
9815
1302
1606
-297
9120
8113
11719
11421
8413
3108
7909
6217
-498
5111
303
5410
3708
5013
1102
5409
1305
11814
10818
5908
3403
2105
1605
14121
7815
4205
5407
7815
10720
9816
13418
9314
13212
12216
5008
6913
-398
9013
5109
8112
3409
6914
5110
1302
6811
3611
5910
4912
11117
5316
5306
7308
-798
-698
-198
1809
1104
5809
6008
2706
7612
10514
10117
12217
6411
1307
9020
906
-498
8412
8509
2003
6912
6810
9017
2604
4106
5513
20007
804
9315
6311
6311
3909
102
-598
14016
7416
2206
3209
3506
3204
6713
8910
8015
3411
6920
6813
7208
4612
6509
9415
7415
6309
7314
20013
9022
12922
4005
8214
7508
8815
2406
10311
4513
2206
13315
7417
1805
4307
8819
12517
1605
7709
3610
4009
4008
9317
6012
607
7917
4309
6110
9111
1806
1805
9219
1407
13226
9113
8514
7815
6916
5105
12819
2105
4514
4003
9421
3407
1906
4911
6717
2807
9113
9711
2309
3012
1706
1208
-96
7007
8212
9115
3207
5814
-498
5709
2010
9213
-298
7717
10115
7612
7012
5814
11915
7310
1606
11325
2406
10922
6413
9415
-798
1906
5917
-398
2305
8212
11016
7615
4709
11714
3310
2505
2506
705
11116
4407
10916
6
4006
4412
4908
2210
10513
8112
1805
604
5911
12820
4810
5910
4010
8115
2107
303
10915
8113
11914
15525
8913
10112
9312
5010
11917
102
10716
6309
10619
5008
2905
10417
5811
10213
1103
2107
11218
12419
11920
5910
6007
3911
6213
12425
805
11123
3809
6512
5616
2609
-498
6812
7514
5311
8012
10115
1904
303
403
10118
4605
603
-198
3908
9510
7214
-498
10414
9816
9923
11124
18321
4212
11115
5913
11619
7412
3906
3013
-598
-498
3004
5511
-98
4414
7412
6309
16515
5911
5212
5409
704
5207
6410
2004
8418
4911
3810
7908
7813
4409
2513
406
9826
5005
5611
5712
10618
2508
4011
2007
3208
7816
8814
3612
8813
10619
3010
5309
6212
1905
3909
2309
9412
2907
11215
11413
1708
2805
8210
8212
5508
8010
3610
7808
9911
9116
11716
10516
5210
7210
2505
806
7316
5511
8111
7606
3002
2507
8710
6311
2704
8012
8510
10018
11624
906
1605
13720
5613
1404
3308
7816
16223
9011
6210
6915
13816
804
10612
6008
10218
9514
4105
4406
13917
16123
8214
9817
5210
5911
10015
6119
6512
13820
6011
5713
11616
11616
8417
11215
10319
4807
5809
6110
4107
7317
1406
8417
9613
14821
3902
11717
10218
11820
3006
8411
4407
6011
-198
1105
10316
8619
2606
9719
8322
7112
8113
1606
12221
6509
-698
5608
7508
3206
3707
15822
11612
2106
8521
9212
9508
4309
5713
5608
2006
1804
10118
12015
1405
903
5010
7713
6813
12310
4809
12025
10915
9020
3906
4010
5812
5307
5114
8315
1608
5714
5210
8817
5011
1304
-397
1205
13621
2104
3002
12307
10219
9316
4911
11921
7811
11214
11015
9613
2908
4007
2209
4407
502
2105
2007
11322
4208
1002
5911
4908
4109
7312
9218
4710
9115
9020
5312
8119
9514
6915
9315
3207
1607
7017
7112
5413
6010
2709
6710
4109
10013
12119
2205
1305
1704
11411
6709
8512
3511
13113
10421
8013
-698
5809
1905
5514
11617
10819
6306
5612
10714
5208
5408
6710
7509
3611
9814
12425
8516
9319
9714
5709
2503
8614
6614
4008
3608
5210
9317
11020
8505
7111
11018
5112
4009
6011
5214
2305
8306
1710
6809
8917
4612
9817
5917
1407
3011
9818
14315
10619
8313
3006
-298
7612
7610
5910
10914
9411
13223
11213
7917
6712
11414
7509
1705
6206
7512
6312
8016
13417
7916
5112
5510
12012
10118
6309
2505
7811
-97
10520
1102
2608
8019
2607
14025
1203
6312
4910
3309
10818
9212
2508
7712
3208
10116
5411
7515
-798
13517
9011
2906
8514
6514
7708
7212
2005
9315
7611
6216
8414
8412
1605
3707
6713
-798
4607
7113
1103
7018
7912
5107
14416
10221
11218
10921
16221
7417
6410
6715
6614
6111
4609
6308
4814
5111
7616
3206
8215
5612
12217
13917
11217
20013
4511
5309
4905
4912
-798
9916
2909
7511
1306
9820
11815
2305
5612
2904
8814
4807
10319
9217
3607
1204
7310
3405
5411
8812
9012
5111
12221
3008
2611
5012
3309
5609
8109
2812
6012
7916
-398
4912
3
5612
11020
3506
9113
8213
5016
903
2806
1807
3407
4611
3409
6911
7114
6512
3009
-598
8417
11622
8716
1405
9607
5009
8019
1504
3110
9702
8611
4715
4610
7517
1707
8020
4405
2707
2406
8212
1408
3906
8811
6913
5509
5010
7715
