503
11820
-798
205
6311
-598
1408
-698
9718
5214
5005
5711
4908
1507
-498
6808
2308
11116
7310
8116
11822
-498
-298
-598
7514
13922
6412
-698
404
-498
-798
2308
-498
7616
4906
5614
-698
-798
-798
-498
9616
3102
-598
-798
8107
-498
-398
7511
-698
-798
5008
12116
-598
13219
102
-798
8915
-698
906
1905
13222
6714
2812
-98
-498
10409
-798
5209
12812
-498
-698
1706
306
2009
13520
-698
11824
-798
6111
-598
6612
20003
6616
6313
12513
5610
9216
2305
10515
5108
2209
-798
4210
6611
-498
8010
1204
-598
5611
-698
4107
-498
2209
-598
-598
8013
10416
-398
4209
4805
6513
-698
9111
10111
5211
7912
504
203
4610
7712
3208
5509
802
-498
6315
10819
2108
4107
-598
-798
12020
2006
-798
5810
-798
6313
-398
-198
2608
11117
6011
-196
6113
9213
2
9315
-398
2511
104
5010
3207
5209
5708
-698
1504
9318
-497
4208
204
2706
4810
905
7418
-598
2102
8713
-298
5210
203
-398
-798
4010
11516
7210
13114
13219
-98
1907
3502
-798
10817
-598
1205
1904
2807
6810
-598
204
5806
-198
8807
5611
6611
9013
9311
6415
3908
2205
14321
11317
3406
8814
9017
2305
5215
12418
4112
1107
7010
4
4410
13013
8814
9414
803
-798
1402
4510
3005
-298
2306
502
1606
1506
8918
-598
7507
1305
6015
-398
8815
11415
602
-598
-398
10314
1605
4209
5207
205
9213
404
6013
-598
103
-198
2406
304
11616
6411
5907
6714
4009
4307
-398
4110
11319
3806
10721
5310
2
2908
1807
5614
12117
10015
-198
2704
3108
8811
7712
5213
-298
8610
2206
102
1606
-698
-597
-98
-698
13918
-698
11019
11022
5410
4908
5810
-398
4711
10215
6215
9711
9313
2
5913
8018
6113
3907
6214
2005
12122
5008
9412
-498
8117
7604
13821
6912
2909
5813
8115
6715
15328
17422
6012
9514
7718
2403
10117
3009
9819
3403
10711
10715
7711
11718
-398
5012
4508
805
8713
6511
-698
8612
1204
-498
6814
5814
10723
9916
9414
202
1805
14616
2707
8423
8015
11111
3409
6714
1505
2608
5910
-397
14127
5911
11519
3210
-798
704
3910
8012
13616
3
6315
3406
4607
10317
6507
2806
17722
10619
9119
-297
2307
-698
7212
4107
5210
8314
4712
8009
4416
7215
1807
-698
9819
3609
7915
13418
6807
2906
5912
6508
8815
8715
5311
5309
304
6214
7514
9013
302
1809
10617
12620
8212
8810
12915
-798
5414
5111
4414
9914
11214
9910
4304
9312
3610
8615
9719
302
1708
5611
3109
4908
10912
5614
9515
8111
3410
8910
6814
14720
12313
6708
-97
1605
11718
-598
11114
7514
4708
10021
4609
10913
805
6912
1405
7708
6911
5607
6910
10017
10515
7914
5314
9614
8211
13517
5814
11920
7719
6008
6107
3405
-97
7507
1405
7116
2107
4612
6110
10419
9317
13122
9013
4606
8113
-698
4106
7919
12415
13423
6113
8016
4008
4502
16626
6908
9117
3907
13015
-198
11518
8209
9413
5708
6114
10520
1408
7612
4108
10822
6214
7709
2607
2008
3104
10223
4105
6911
4107
5909
4611
1305
9912
7411
4809
8112
8415
2408
5510
10213
12218
14017
2704
3608
1906
12219
9513
5508
12719
4907
2005
6416
9016
7214
10618
8910
5712
7710
5308
4111
906
12017
10210
2
9913
1603
12020
905
8014
3810
2408
7712
8514
11418
603
11813
5914
8510
12212
7009
4909
8009
5514
12317
5614
3007
8911
8416
6810
4110
302
1608
9421
8616
7413
6511
-498
11121
2003
15215
6314
9913
7112
4706
10919
6407
10117
8911
7715
10612
4116
2504
1504
6112
9517
6713
9418
12524
2603
6506
-298
12120
11614
-698
1505
5307
8413
6515
8716
4610
2807
8909
20004
5010
7212
2206
504
-798
5610
4910
9013
11417
10717
11511
4107
10613
5313
16518
7315
12021
1108
4308
9219
205
5110
12224
9115
9615
7915
6013
3908
5309
7912
2805
6317
6009
4108
9208
5914
10112
2909
11315
1603
5912
9316
8812
1206
8415
5207
7116
12820
6611
3004
10715
2607
-396
3110
2708
8014
9015
3206
4206
2906
8017
8213
6011
9517
7212
2908
3209
18425
12415
7713
7012
3907
14922
9916
5412
4908
4809
2909
7911
7611
402
3411
9207
7013
12318
7010
104
12320
3705
1105
5111
2505
7913
6413
303
10622
6410
2707
7112
11225
1208
503
3107
9916
5109
-798
12521
8320
10714
1805
1307
8310
10214
-598
6509
6012
4307
6309
9317
2110
3
11523
6110
10419
8412
304
6412
9716
-498
-498
10517
7710
10017
202
3209
4911
3606
9014
804
6209
103
4706
4408
13212
12218
3408
4708
-396
403
2709
4408
8414
9015
9417
-297
12218
803
11216
4411
11813
-98
9813
6109
-397
6612
10216
11618
6812
11720
7415
-96
1908
402
12921
3203
11511
10921
6616
-698
7215
4607
9115
5911
8813
2808
6914
8112
9221
6910
11018
7914
-698
1605
2908
3610
9617
3407
1907
12717
7310
9312
12117
13823
202
8513
9109
8712
4708
4811
11923
5711
10512
6911
5214
6415
7513
6511
8415
503
9217
7113
7007
-94
6207
7413
10716
4410
303
2008
2808
803
1504
6713
6513
4311
7514
5507
4208
6514
6513
2003
4610
9410
11726
3608
6510
5906
7710
7018
4906
3208
7711
10518
10617
-398
1106
8619
2306
2509
11217
6414
12520
6411
12112
6513
1607
2
8313
9209
7013
8619
6808
9814
1406
10912
10512
16025
12314
12724
1806
8812
8716
403
12913
1606
17424
10315
4112
9915
7116
2708
8116
6011
7212
2508
-598
13215
4708
5812
2007
9813
3207
2509
1304
3512
7411
12218
12220
2907
11519
6011
9613
7911
6209
3705
7207
12112
8513
9222
9108
12218
11215
-498
11117
8108
8111
17119
9616
10718
4708
8521
17511
9416
11614
7913
-198
103
6008
11410
7112
6613
10118
6113
1306
1508
4511
8511
2706
10314
6515
702
8321
4909
10021
2606
903
-498
8314
7511
4008
9413
1103
9623
14913
8013
3408
-698
1403
7712
5912
7710
505
6011
11714
1808
11517
9915
10413
7610
4312
4313
6211
