-498
9819
9115
8112
19608
-798
-598
-698
-598
2009
9614
11821
403
-598
2907
9917
4209
1504
1504
8716
-98
403
-198
-398
5009
3809
2
-798
-798
1005
5110
10720
103
-598
-598
3510
8110
104
-298
8519
-798
5807
1707
102
12225
2
2
5713
-198
-798
-698
-798
10016
-598
3008
10317
-498
-498
-598
-698
9816
9317
-298
3006
3909
4709
-698
6014
-498
-798
14520
7212
6915
6713
3609
3709
8510
8714
3011
-497
-196
4609
-598
-698
-398
-198
7613
-198
-398
10314
1908
-498
6515
8516
3609
2511
-298
-498
12720
-698
302
2608
-398
-298
2210
4411
7314
11413
6209
4508
12221
-698
9013
10313
5008
-598
-298
12217
6313
6611
-398
1908
-698
2307
2609
-198
4413
8915
203
3209
7310
4803
2206
7511
6411
10114
-498
-598
-798
7411
405
4812
6308
602
6214
202
-397
2807
-698
8717
204
8112
4908
402
-598
1405
7911
11112
6414
12317
-398
5611
10111
8415
3811
2205
-798
7914
-498
3407
3511
5815
7114
10019
4810
9716
8610
7313
7614
1907
-198
7510
8611
13721
-198
9111
6707
603
6713
1603
8807
5909
6413
-798
4006
11316
9016
8112
11517
12610
2805
10609
9417
8013
1306
6519
-698
6311
7812
9616
1608
6511
3106
10823
-198
10015
7219
5814
9515
8116
8512
13120
6712
2406
8315
7611
204
10817
2706
5713
-598
7113
805
7510
1303
6613
13720
-598
606
8316
3308
13222
702
8618
4910
10114
7808
10717
6011
9713
-798
3104
2712
7812
5614
7813
7013
7912
8314
7012
1705
9011
1906
7211
10618
3410
8917
11821
8209
2506
3106
2511
8716
7816
12817
-598
3111
6814
9914
6609
11912
5311
2205
13819
7110
4808
13018
5414
3604
5913
-398
11819
5810
4111
7514
7313
7713
6810
5613
302
4112
2
6910
2506
9411
-498
-798
3710
5213
6611
2008
11018
7914
9516
7318
5809
11018
4209
2707
3509
2008
204
7112
1907
7714
8511
10118
12309
12723
6716
7913
11517
2708
9814
14623
8315
11216
102
404
5111
8015
2109
1306
5608
2305
5312
8914
9716
5616
8713
8515
5513
9819
6110
9815
5512
3009
-398
6509
10420
4407
5607
7010
7508
6911
11016
3406
7014
6911
1809
8718
7316
10116
10017
7514
12115
6311
10910
9212
9514
12624
9411
6611
8416
5714
6313
8715
10415
6517
9017
8913
9920
12917
5911
10219
1505
6207
10117
6214
8717
15019
1705
6216
7709
11014
8510
6816
8916
9414
7912
-398
4205
202
8711
8015
6609
6611
11213
9618
8014
10016
11918
504
-798
8715
9315
5612
-598
8616
8509
6709
12218
4311
13022
10920
10417
9816
13619
-698
7519
5412
11109
1807
2806
8017
6012
6411
11921
12510
5712
906
7812
6912
9216
8012
5308
8714
9220
6013
9310
1005
2707
5014
5112
9825
12225
3406
1707
2704
-398
2909
11002
3911
7711
-698
7414
2505
7613
5714
4812
7613
5608
2905
2405
12811
11116
6213
7208
5915
6615
7616
11614
15620
2508
6212
-398
11315
5712
5911
1703
4710
11520
10015
11113
7215
13020
11916
6416
11815
10016
1504
6213
1506
6510
8109
10412
4415
2
11515
7112
9313
10515
6510
9718
2205
7711
11718
8414
12114
13216
4110
6809
3610
10012
3705
6814
4211
7209
203
10613
8215
5207
6513
3507
6913
3009
11415
9616
10314
9620
10114
4611
11618
2705
6818
7720
6511
6813
1706
4811
4111
8018
10619
16926
4812
1606
5009
11822
3206
2306
3609
7917
4713
5713
1205
8410
10014
10710
9914
10922
4714
9121
8814
4809
-598
9011
6112
8213
6811
5609
3009
3913
14817
-598
10918
4605
8015
9015
3906
7816
6113
2206
5308
5007
3910
12817
7113
9624
3909
604
5711
12116
5816
3506
5310
2810
2407
5511
10010
3002
14019
8519
10817
2206
8010
10915
11024
505
5607
12913
8916
7616
4607
4208
13420
5812
-698
9914
10920
3308
11420
6716
1607
7111
5507
8810
7108
3309
1006
4008
3408
804
6411
5511
5712
5612
8913
14121
3006
6915
2206
7911
3504
1704
1804
604
4512
13516
2608
14420
5105
1808
8513
2906
3608
12818
-598
9015
9515
8112
4409
11521
-198
11521
5710
8014
18222
10517
8915
6309
6015
3206
4511
10819
5013
3107
10511
7311
8719
8210
9220
4808
2207
12213
10818
2310
8813
5712
1409
10419
2607
12315
7211
12112
9813
4708
8511
-97
11610
-397
9413
5309
704
13321
7215
7111
7412
11621
5811
10716
4810
12017
6215
5011
6414
6214
7216
4609
10116
2310
7018
5710
6113
6510
503
11118
2609
706
1504
6216
5515
6810
5611
4812
2209
1709
2104
1108
505
7212
7411
1306
13322
8614
8813
7716
5807
4509
8613
4810
-598
5009
6712
4209
9815
3206
4208
8716
8018
8614
2706
2608
-398
10923
4212
-597
7713
9516
12516
12111
5416
707
1508
5009
3910
9011
5807
1409
7013
6011
11924
11616
3307
5208
11213
8114
5106
12316
2206
14020
-798
6013
-198
2607
-198
11715
7411
10315
-497
4708
8713
10115
6508
10821
6413
5807
7610
4209
2706
4010
10713
7915
2005
6413
8614
9115
11616
3708
14416
-96
3405
1105
2406
2506
11816
6411
5911
7513
1303
4405
-98
103
7811
4810
5413
11112
4608
10119
11412
3607
17321
8210
6417
704
7513
4007
9713
11618
7211
8512
9009
9715
11516
1404
5507
1913
10712
3807
-498
-398
2407
5608
-798
3002
9110
3609
5307
4204
12019
9014
5812
10011
6909
4111
12720
3708
4811
-96
7513
2006
6815
502
6813
2407
304
5613
5008
2406
5513
6012
703
6618
6809
303
4612
4604
1206
4609
7611
905
7911
1006
6511
302
4709
3404
10914
6309
6613
10411
6008
4506
6815
14419
8213
2
3305
11815
1005
9217
7411
12118
3810
7608
1106
6612
9313
11819
-498
6112
4607
6209
2707
2106
7411
9315
7913
9417
2008
6908
4908
4606
2308
4309
11014
5311
8709
3405
9017
605
906
8510
204
5310
4309
6013
11019
2908
503
2808
3407
8614
4211
6610
10610
2310
7014
5811
12517
4108
5912
3508
9416
7312
6612
4108
7714
3007
10416
7508
